accuracy_best,accuracy_mean,accuracy_worst,fit_time__best,score_time__best,test_f1_macro__best,test_recall_macro__best,#phenotypes,stddev
0.7271428571428572,0.6790952380952382,0.6114285714285714,26,0.026433032656498223
0.7414285714285714,0.7122857142857145,0.6885714285714286,0.003125166893005371,0.006250309944152832,0.6555452289020844,0.6479591836734694,21,0.012743412330421124
0.7414285714285714,0.718095238095238,0.6928571428571428,0.0015625953674316406,0.007812190055847168,0.6555452289020844,0.6479591836734694,23,0.010474025750374172
0.7514285714285714,0.7286666666666669,0.7114285714285715,0.004687619209289551,0.007813167572021485,0.6808979801434297,0.6714285714285714,22,0.010228234453968645
0.7528571428571429,0.7409523809523809,0.72,0.003125119209289551,0.007813072204589844,0.6884423702892006,0.680612244897959,19,0.008746881530461954
0.7671428571428571,0.7524285714285716,0.7357142857142858,0.004687166213989258,0.007813310623168946,0.6995814279010926,0.6880952380952381,18,0.009111180244193195
0.7671428571428571,0.7589523809523812,0.7414285714285714,0.004687356948852539,0.006251740455627442,0.7017283218982386,0.6908163265306122,11,0.008164410350532473
0.7671428571428571,0.7633809523809523,0.75,0.0031252384185791017,0.007813167572021485,0.7017283218982386,0.6908163265306122,9,0.005684246440503068
0.7671428571428571,0.7659047619047621,0.7542857142857142,0.0031251430511474608,0.004687809944152832,0.7017283218982386,0.6908163265306122,5,0.003334693600002218
0.7671428571428571,0.7669047619047621,0.76,0.004687070846557617,0.006251144409179688,0.7017283218982386,0.6908163265306122,2,0.0012821820969367824
0.7671428571428571,0.7671428571428573,0.7671428571428571,0.0031253576278686525,0.007812952995300293,0.7017283218982386,0.6908163265306122,1,2.220446049250313e-16
0.7671428571428571,0.7671428571428573,0.7671428571428571,0.0064853191375732425,0.00646662712097168,0.7017283218982386,0.6908163265306122,1,2.220446049250313e-16
0.7671428571428571,0.7671428571428573,0.7671428571428571,0.0031252622604370115,0.007813072204589844,0.7017283218982386,0.6908163265306122,1,2.220446049250313e-16
0.7671428571428571,0.7671428571428573,0.7671428571428571,0.0031250953674316407,0.009375858306884765,0.7017283218982386,0.6908163265306122,1,2.220446049250313e-16

0.7385714285714287,0.6823809523809525,0.6257142857142858,28,0.029996220472425953
0.7485714285714286,0.7193333333333332,0.6814285714285714,0.004687643051147461,0.006250452995300293,0.6747905222671099,0.6666666666666666,29,0.017209131152133676
0.7542857142857143,0.7330000000000001,0.6914285714285715,0.0046874284744262695,0.0062504768371582035,0.6735165071872458,0.6639455782312925,21,0.015133644996640869
0.7642857142857142,0.7477142857142857,0.7285714285714286,0.004687809944152832,0.007812929153442384,0.6914681806424057,0.6806122448979594,16,0.00776876705125069
0.7685714285714285,0.7660952380952379,0.7485714285714287,0.004687762260437012,0.009375858306884765,0.7012648797427559,0.6904761904761905,9,0.004300503582809726
0.77,0.7692857142857142,0.7642857142857142,0.006250548362731934,0.006250143051147461,0.6974689344947202,0.6846938775510205,5,0.001416616645775577
0.77,0.7699523809523808,0.7685714285714285,0.006250238418579102,0.007812738418579102,0.6974689344947202,0.6846938775510205,2,0.0002564364193873803
0.77,0.7699523809523808,0.7685714285714286,0.004688072204589844,0.006250572204589844,0.6974689344947202,0.6846938775510205,2,0.00025643641938736037
0.77,0.7699999999999999,0.77,0.004687976837158203,0.006250691413879394,0.6974689344947202,0.6846938775510205,1,1.1102230246251565e-16
0.77,0.7699999999999999,0.77,0.006250405311584472,0.006250715255737305,0.6974689344947202,0.6846938775510205,1,1.1102230246251565e-16
0.77,0.7699999999999999,0.77,0.004687643051147461,0.007813119888305664,0.6974689344947202,0.6846938775510205,1,1.1102230246251565e-16
0.77,0.7699999999999999,0.77,0.004687285423278809,0.006251049041748047,0.6974689344947202,0.6846938775510205,1,1.1102230246251565e-16
0.77,0.7699999999999999,0.77,0.004687261581420898,0.0062511682510375975,0.6974689344947202,0.6846938775510205,1,1.1102230246251565e-16
0.77,0.7699999999999999,0.77,0.0062494993209838865,0.006251072883605957,0.6974689344947202,0.6846938775510205,1,1.1102230246251565e-16

0.7500000000000001,0.667857142857143,0.53,28,0.04642417561608018
0.7500000000000001,0.7145714285714286,0.6685714285714286,0.0015625953674316406,0.012500548362731933,0.6663863587909019,0.6622448979591836,25,0.017056927493256345
0.7514285714285714,0.7286190476190478,0.6985714285714286,0.006250572204589844,0.0062502861022949215,0.6683759821585921,0.6591836734693877,20,0.012896676433816132
0.7514285714285714,0.7414285714285715,0.7271428571428572,0.014063286781311034,0.001562356948852539,0.6683759821585921,0.6591836734693877,12,0.005913204410009664
0.7571428571428571,0.7514285714285713,0.7342857142857143,0.0,0.015628242492675783,0.6771271308754147,0.6673469387755102,9,0.004487321519767509
0.76,0.757952380952381,0.7528571428571429,0.0,0.012500739097595215,0.681031613524202,0.672108843537415,5,0.0015065992399577554
0.76,0.7595238095238097,0.7571428571428571,0.0062500953674316405,0.009375882148742676,0.681031613524202,0.672108843537415,3,0.0008518354199999301
0.76,0.7598571428571432,0.7571428571428571,0.006250333786010742,0.007813119888305664,0.681031613524202,0.672108843537415,3,0.0005654448612875267
0.76,0.7599047619047622,0.7571428571428571,0.0062506675720214845,0.00624997615814209,0.681031613524202,0.672108843537415,2,0.0005128728387747208
0.76,0.7599047619047622,0.7571428571428571,0.010937881469726563,0.010938262939453125,0.681031613524202,0.672108843537415,2,0.0005128728387747208
0.76,0.7599047619047622,0.7571428571428571,0.007813525199890137,0.006249284744262696,0.681031613524202,0.672108843537415,2,0.0005128728387747208
0.76,0.7599047619047622,0.7571428571428571,0.004687881469726563,0.009375810623168945,0.681031613524202,0.672108843537415,2,0.0005128728387747208
0.76,0.7600000000000003,0.76,0.007812714576721192,0.007813501358032226,0.681031613524202,0.672108843537415,1,3.3306690738754696e-16
0.76,0.7600000000000003,0.76,0.007813405990600587,0.007812738418579102,0.681031613524202,0.672108843537415,1,3.3306690738754696e-16

0.7171428571428573,0.6684761904761907,0.5942857142857143,26,0.030679234336944184
0.7271428571428571,0.703952380952381,0.6814285714285715,0.004688167572021484,0.006250214576721191,0.6353915822165257,0.6295918367346939,22,0.011125036625076667
0.7328571428571429,0.7105714285714285,0.6914285714285715,0.0031250953674316407,0.009375715255737304,0.6536799625246126,0.6459183673469389,20,0.010325320571195794
0.7328571428571429,0.7187619047619049,0.7014285714285714,0.0031250953674316407,0.009375810623168945,0.6536799625246126,0.6459183673469389,21,0.007908776949343497
0.7414285714285714,0.7281428571428571,0.7142857142857143,0.004687619209289551,0.007813143730163574,0.6527463049283183,0.6411564625850339,22,0.006516854130261172
0.7585714285714286,0.7451904761904762,0.7314285714285713,0.003125429153442383,0.010938143730163575,0.679210221338037,0.6656462585034013,15,0.007326063186600194
0.7585714285714286,0.7531904761904762,0.7314285714285715,0.006251192092895508,0.006249451637268066,0.679210221338037,0.6656462585034013,9,0.0062344591365749895
0.7585714285714286,0.7549047619047619,0.7371428571428572,0.007813024520874023,0.006250500679016113,0.679210221338037,0.6656462585034013,9,0.005186105630429947
0.7585714285714286,0.7574285714285715,0.7457142857142858,0.006250071525573731,0.007812952995300293,0.679210221338037,0.6656462585034013,4,0.0029137254363387297
0.7585714285714286,0.7580476190476192,0.7471428571428571,0.006250905990600586,0.00625004768371582,0.679210221338037,0.6656462585034013,3,0.0021660124601036567
0.7585714285714286,0.7581904761904763,0.7471428571428571,0.003125619888305664,0.009375166893005372,0.679210221338037,0.6656462585034013,2,0.0020514913550988634
0.76,0.7588095238095239,0.7471428571428571,0.006250691413879394,0.007812762260437011,0.6803062156197359,0.6666666666666667,3,0.002276270171946127
0.76,0.759666666666667,0.7585714285714286,0.0046890974044799805,0.009375309944152832,0.6803062156197359,0.6666666666666667,2,0.000604217978116651
0.76,0.759714285714286,0.7585714285714286,0.003125286102294922,0.007812786102294921,0.6803062156197359,0.6666666666666667,2,0.0005714285714285782

0.7185714285714286,0.6811428571428573,0.6042857142857143,27,0.022789781693993132
0.7185714285714286,0.6900952380952382,0.6571428571428571,0.0015625953674316406,0.004687905311584473,0.6188799119078359,0.6125850340136055,24,0.014818325358822083
0.7200000000000001,0.6941428571428572,0.6642857142857144,0.0015628337860107422,0.0046875238418579105,0.6224725624522036,0.616326530612245,25,0.013979333628878135
0.7385714285714287,0.7061904761904763,0.6714285714285715,0.0031254053115844726,0.004687190055847168,0.6515839149798358,0.6445578231292517,23,0.017721708634217535
0.7385714285714287,0.7240000000000002,0.69,0.0015625953674316406,0.006250572204589844,0.6522068576868058,0.6445578231292517,17,0.013136644494368764
0.74,0.7366666666666665,0.7214285714285713,0.003125286102294922,0.004687857627868652,0.659240170196317,0.6523809523809524,8,0.005905529903972373
0.7414285714285714,0.7408571428571429,0.7342857142857142,0.0,0.007813215255737305,0.6616562864905488,0.6547619047619048,4,0.0014093951035189388
0.7414285714285714,0.7413809523809524,0.74,0.004687619209289551,0.0031252622604370115,0.6616562864905488,0.6547619047619048,2,0.00025643641938736037
0.7414285714285714,0.7413809523809524,0.74,0.0,0.007812333106994629,0.6616562864905488,0.6547619047619048,2,0.00025643641938736037
0.7414285714285714,0.7414285714285713,0.7414285714285714,0.0,0.00781261920928955,0.6616562864905488,0.6547619047619048,1,1.1102230246251565e-16
0.7414285714285714,0.7414285714285713,0.7414285714285714,0.0,0.007815027236938476,0.6616562864905488,0.6547619047619048,1,1.1102230246251565e-16
0.7414285714285714,0.7414285714285713,0.7414285714285714,0.0031250715255737305,0.0015634059906005859,0.6616562864905488,0.6547619047619048,1,1.1102230246251565e-16
0.7414285714285714,0.7414285714285713,0.7414285714285714,0.0031252384185791017,0.003125166893005371,0.6616562864905488,0.6547619047619048,1,1.1102230246251565e-16
0.7414285714285714,0.7414285714285713,0.7414285714285714,0.0031252145767211915,0.004687857627868652,0.6616562864905488,0.6547619047619048,1,1.1102230246251565e-16

0.7214285714285714,0.6643333333333333,0.5857142857142857,28,0.035726632786332306
0.7328571428571429,0.7039999999999998,0.667142857142857,0.006250524520874023,0.006250452995300293,0.6448074230669711,0.6391156462585034,25,0.01669820145922277
0.7414285714285714,0.7189523809523809,0.6871428571428572,0.004687738418579101,0.009375929832458496,0.6573657901690918,0.6493197278911564,23,0.012393400335746714
0.7428571428571429,0.7291428571428572,0.7128571428571429,0.0062502861022949215,0.0062485218048095705,0.6654660494977745,0.6571428571428573,16,0.008119850539826197
0.7485714285714286,0.7439523809523809,0.7257142857142858,0.006250858306884766,0.007812023162841797,0.6664754181681303,0.6557823129251701,10,0.006574360974438654
0.7528571428571429,0.7479523809523809,0.7371428571428572,0.0046879291534423825,0.007813024520874023,0.6697919848360965,0.6615646258503401,9,0.002752446860308268
0.7557142857142857,0.7512857142857142,0.7471428571428571,0.006250238418579102,0.006250739097595215,0.6725957052411651,0.6636054421768708,5,0.00284162452339728
0.7557142857142857,0.7534285714285716,0.7471428571428571,0.004687786102294922,0.009375691413879395,0.6725957052411651,0.6636054421768708,4,0.003331972511340161
0.7557142857142857,0.7540476190476192,0.7485714285714286,0.0062503814697265625,0.006250500679016113,0.6725957052411651,0.6636054421768708,2,0.0030210898905832085
0.7557142857142857,0.7540476190476192,0.7485714285714286,0.006250357627868653,0.00624997615814209,0.6725957052411651,0.6636054421768708,2,0.0030210898905832085
0.7571428571428571,0.754619047619048,0.7485714285714286,0.004688119888305664,0.007812857627868652,0.6739461840102046,0.6632653061224489,3,0.0030790786972051754
0.7571428571428571,0.7552857142857142,0.7485714285714286,0.004687619209289551,0.007813358306884765,0.6739461840102046,0.6632653061224489,4,0.003281570886480006
0.7571428571428571,0.7557142857142857,0.7485714285714286,0.004688167572021484,0.0062503814697265625,0.6739461840102046,0.6632653061224489,4,0.0030860669992418335
0.7571428571428571,0.756,0.7485714285714286,0.006249928474426269,0.006250953674316407,0.6739461840102046,0.6632653061224489,4,0.0026700658607383162

0.74,0.6835714285714285,0.6357142857142857,28,0.030956959368344493
0.74,0.7195714285714286,0.6842857142857143,0.0062500953674316405,0.006250715255737305,0.6696675142670013,0.6619047619047619,22,0.012585219708135439
0.7457142857142857,0.7313809523809524,0.7185714285714286,0.003124570846557617,0.009374403953552246,0.6725447015778285,0.661904761904762,17,0.00750948002523696
0.75,0.7386666666666666,0.7285714285714285,0.003125166893005371,0.009375882148742676,0.6758377771268302,0.6649659863945578,20,0.005357089946828664
0.7514285714285713,0.7477142857142858,0.7357142857142857,0.004687643051147461,0.009375834465026855,0.6814410111612976,0.6714285714285714,11,0.004100771455544938
0.7571428571428571,0.7523809523809523,0.7428571428571429,0.006250333786010742,0.007813024520874023,0.6817581929867413,0.6700680272108844,8,0.0032014735836136264
0.7571428571428571,0.7552857142857141,0.75,0.0062503814697265625,0.006250357627868653,0.6817581929867413,0.6700680272108844,5,0.002366144428343788
0.7571428571428571,0.7567142857142855,0.7528571428571429,0.006250548362731934,0.006250333786010742,0.6817581929867413,0.6700680272108844,3,0.001115749953700951
0.7571428571428571,0.7568571428571427,0.7542857142857142,0.0031252384185791017,0.009375905990600586,0.6817581929867413,0.6700680272108844,2,0.0008571428571428675
0.7571428571428571,0.7570476190476189,0.7542857142857142,0.004687380790710449,0.009375953674316406,0.6817581929867413,0.6700680272108844,2,0.0005128728387747208
0.7571428571428571,0.7570476190476189,0.7542857142857142,0.004687905311584473,0.007813048362731934,0.6817581929867413,0.6700680272108844,2,0.0005128728387747208
0.7571428571428571,0.7570476190476189,0.7542857142857142,0.003124547004699707,0.006250786781311035,0.6817581929867413,0.6700680272108844,2,0.0005128728387747208
0.7571428571428571,0.7570476190476189,0.7542857142857142,0.003125309944152832,0.0078106880187988285,0.6817581929867413,0.6700680272108844,2,0.0005128728387747208
0.7571428571428571,0.7570476190476189,0.7542857142857142,0.006250810623168945,0.0062504768371582035,0.6817581929867413,0.6700680272108844,2,0.0005128728387747208

0.7257142857142858,0.6802857142857145,0.6271428571428572,29,0.022735988433935015
0.7328571428571429,0.7087619047619048,0.6728571428571428,0.004687786102294922,0.006250500679016113,0.6531306273360282,0.648639455782313,22,0.014426606812656418
0.7328571428571429,0.716952380952381,0.7014285714285715,0.004687714576721192,0.009375715255737304,0.613963584548389,0.6159863945578231,23,0.009466973263215642
0.7414285714285714,0.7259047619047619,0.7114285714285715,0.0031253814697265623,0.006250238418579102,0.651411874786179,0.6438775510204082,22,0.007994329055784101
0.7514285714285714,0.737952380952381,0.7257142857142858,0.0031252384185791017,0.006250309944152832,0.6728404773637781,0.6632653061224489,17,0.006574360974438654
0.7514285714285714,0.7452380952380953,0.7328571428571429,0.003125119209289551,0.007813477516174316,0.6728404773637781,0.6632653061224489,12,0.0054377533042362595
0.7514285714285714,0.7494761904761906,0.7342857142857143,0.0031252384185791017,0.007812881469726562,0.6738551641421869,0.6646258503401361,7,0.004180995769381114
0.7514285714285714,0.7509523809523813,0.7414285714285714,0.004687714576721192,0.006250333786010742,0.6738551641421869,0.6646258503401361,3,0.001928424450601584
0.7514285714285714,0.7510000000000002,0.7414285714285714,0.0046880245208740234,0.006250429153442383,0.6738551641421869,0.6646258503401361,3,0.0018498023428147681
0.7514285714285714,0.7510000000000002,0.7414285714285714,0.0031249284744262694,0.007813262939453124,0.6738551641421869,0.6646258503401361,3,0.0018498023428147681
0.7514285714285714,0.7510476190476193,0.7428571428571429,0.0031252622604370115,0.007813620567321777,0.6738551641421869,0.6646258503401361,3,0.0016049809091764503
0.7528571428571429,0.7522380952380952,0.7514285714285714,0.004687643051147461,0.007812857627868652,0.6713418961127495,0.6629251700680272,2,0.0007079080355866039
0.7528571428571429,0.7525238095238095,0.7514285714285714,0.0031246662139892576,0.007813835144042968,0.6713418961127495,0.6629251700680272,2,0.0006042179781166511
0.7528571428571429,0.7527142857142856,0.7514285714285714,0.006250166893005371,0.006250762939453125,0.6713418961127495,0.6629251700680272,2,0.0004285714285714338

0.7185714285714286,0.6564761904761905,0.5728571428571427,30,0.037122216487113224
0.7314285714285715,0.7004761904761904,0.6571428571428573,0.006250643730163574,0.004687643051147461,0.6550886057428382,0.6476190476190476,26,0.016924535718803393
0.7528571428571429,0.719047619047619,0.6971428571428573,0.0031253337860107423,0.007813072204589844,0.6771873603736033,0.6670068027210885,22,0.011110657587116086
0.7614285714285713,0.7405714285714287,0.7242857142857144,0.0031260251998901367,0.007812094688415527,0.6972998415769698,0.6908163265306122,21,0.008709991135370408
0.7642857142857142,0.7555238095238095,0.74,0.004687833786010742,0.007813143730163574,0.6968226612840108,0.6887755102040817,13,0.006798692684790355
0.7642857142857142,0.7624761904761902,0.7471428571428571,0.0031252384185791017,0.007813000679016113,0.6968226612840108,0.6887755102040817,6,0.0044098426296343765
0.7642857142857142,0.7639999999999996,0.7585714285714286,0.0031257390975952147,0.009374713897705078,0.6968226612840108,0.6887755102040817,3,0.0011308897225750358
0.7642857142857142,0.7642857142857139,0.7642857142857142,0.006250548362731934,0.004687452316284179,0.6968226612840108,0.6887755102040817,1,3.3306690738754696e-16
0.7642857142857142,0.7642857142857139,0.7642857142857142,0.00468902587890625,0.007812118530273438,0.6968226612840108,0.6887755102040817,1,3.3306690738754696e-16
0.7642857142857142,0.7642857142857139,0.7642857142857142,0.00400083065032959,0.006801581382751465,0.6968226612840108,0.6887755102040817,1,3.3306690738754696e-16
0.7642857142857142,0.7642857142857139,0.7642857142857142,0.0040999650955200195,0.007402825355529785,0.6968226612840108,0.6887755102040817,1,3.3306690738754696e-16
0.7642857142857142,0.7642857142857139,0.7642857142857142,0.003901052474975586,0.006501388549804687,0.6968226612840108,0.6887755102040817,1,3.3306690738754696e-16
0.7642857142857142,0.7642857142857139,0.7642857142857142,0.004300999641418457,0.007101655006408691,0.6968226612840108,0.6887755102040817,1,3.3306690738754696e-16
0.7642857142857142,0.7642857142857139,0.7642857142857142,0.0038009405136108397,0.006801486015319824,0.6968226612840108,0.6887755102040817,1,3.3306690738754696e-16

0.7085714285714286,0.6656190476190477,0.5685714285714286,27,0.03481913097833098
0.73,0.7051428571428571,0.6628571428571429,0.005601072311401367,0.007701873779296875,0.6220824970074899,0.6193877551020408,25,0.016596860616180553
0.73,0.7169523809523812,0.7014285714285715,0.005701494216918945,0.007801508903503418,0.6220824970074899,0.6193877551020408,21,0.00732838422979452
0.7371428571428572,0.7238571428571429,0.7100000000000002,0.006100916862487793,0.008402419090270997,0.6256055715028788,0.6217687074829932,20,0.006017548035017365
0.7542857142857142,0.7393809523809526,0.7100000000000002,0.006201171875,0.008102059364318848,0.6554137393570167,0.6448979591836734,10,0.008236994146067956
0.7542857142857142,0.7541428571428571,0.75,0.006000733375549317,0.00810244083404541,0.6554137393570167,0.6448979591836734,2,0.0007693092581620614
0.7542857142857142,0.7541428571428571,0.75,0.00600121021270752,0.008302259445190429,0.6554137393570167,0.6448979591836734,2,0.0007693092581620614
0.7542857142857142,0.7542857142857142,0.7542857142857142,0.006301450729370117,0.008402514457702636,0.6554137393570167,0.6448979591836734,1,0.0
0.7542857142857142,0.7542857142857142,0.7542857142857142,0.006001114845275879,0.00760183334350586,0.6554137393570167,0.6448979591836734,1,0.0
0.7542857142857142,0.7542857142857142,0.7542857142857142,0.006101131439208984,0.008102059364318848,0.6554137393570167,0.6448979591836734,1,0.0
0.7542857142857142,0.7542857142857142,0.7542857142857142,0.006000876426696777,0.008002257347106934,0.6554137393570167,0.6448979591836734,1,0.0
0.7542857142857142,0.7542857142857142,0.7542857142857142,0.006099247932434082,0.008003616333007812,0.6554137393570167,0.6448979591836734,1,0.0
0.7542857142857142,0.7542857142857142,0.7542857142857142,0.006101417541503906,0.00800185203552246,0.6554137393570167,0.6448979591836734,1,0.0
0.7542857142857142,0.7542857142857142,0.7542857142857142,0.0061021089553833004,0.008102059364318848,0.6554137393570167,0.6448979591836734,1,0.0

0.7185714285714286,0.6714285714285715,0.5985714285714285,30,0.02932575659723038
0.7328571428571429,0.7039523809523808,0.6700000000000002,0.0028011083602905275,0.006000900268554687,0.6306948689129507,0.6241496598639457,25,0.013646077073691672
0.74,0.7113809523809522,0.692857142857143,0.0031006574630737306,0.0062017679214477536,0.6314803468173407,0.625170068027211,23,0.011347829864356672
0.74,0.7219523809523808,0.6971428571428573,0.003400897979736328,0.006000947952270508,0.6314803468173407,0.625170068027211,23,0.010010085616964346
0.74,0.7305714285714284,0.7171428571428573,0.003201866149902344,0.006700444221496582,0.6340040184066016,0.6265306122448979,15,0.007537660547584486
0.7442857142857143,0.7367142857142855,0.7257142857142858,0.0034996747970581056,0.006302452087402344,0.6558476426615607,0.6472789115646258,11,0.0048536401936331835
0.7557142857142857,0.7448095238095239,0.7257142857142858,0.003400754928588867,0.00690150260925293,0.6780304872638929,0.6676870748299321,14,0.007958081788951202
0.7557142857142857,0.7503809523809525,0.7271428571428571,0.003400087356567383,0.0065021514892578125,0.678381217039206,0.667687074829932,12,0.007701341285540564
0.7657142857142857,0.7568095238095237,0.7385714285714287,0.003498387336730957,0.006203842163085937,0.6915733890670145,0.6789115646258502,12,0.0069662288701421125
0.7742857142857142,0.766238095238095,0.7457142857142858,0.0035998344421386717,0.006803202629089356,0.7014838597574761,0.6891156462585035,13,0.008724688040606126
0.7742857142857142,0.771142857142857,0.75,0.0029998779296875,0.006801795959472656,0.7014838597574761,0.6891156462585035,6,0.007041181100676008
0.7742857142857142,0.7742380952380952,0.7728571428571428,0.0034008026123046875,0.006401634216308594,0.7014838597574761,0.6891156462585035,2,0.00025643641938736037
0.7742857142857142,0.7742857142857142,0.7742857142857142,0.0029994487762451173,0.0065030336380004885,0.7014838597574761,0.6891156462585035,1,0.0
0.7742857142857142,0.7742857142857142,0.7742857142857142,0.0034006834030151367,0.006501483917236328,0.7014838597574761,0.6891156462585035,1,0.0

0.7285714285714285,0.687809523809524,0.6257142857142858,25,0.023686539514986366
0.7428571428571429,0.7204761904761907,0.6842857142857144,0.004599094390869141,0.007203125953674316,0.6328883259955409,0.6258503401360546,22,0.013871780846555886
0.7428571428571429,0.7261904761904763,0.702857142857143,0.004402971267700196,0.007100319862365723,0.6328883259955409,0.6258503401360546,19,0.010097034880532239
0.7485714285714286,0.7310476190476191,0.7142857142857143,0.0037021398544311523,0.006500244140625,0.6355790142152797,0.6285714285714286,19,0.008555010731540887
0.7485714285714286,0.737,0.7242857142857143,0.00400083065032959,0.007101607322692871,0.6422701496757446,0.634013605442177,15,0.006508497846484003
0.7757142857142857,0.7520952380952383,0.7342857142857143,0.004199504852294922,0.0073021650314331055,0.7039580144108072,0.6901360544217686,21,0.01122880972322771
0.7757142857142857,0.773,0.7571428571428571,0.0044013261795043945,0.007200169563293457,0.7039580144108072,0.6901360544217686,10,0.004492624341004679
0.7757142857142857,0.774904761904762,0.7657142857142858,0.00440068244934082,0.007201933860778808,0.7039580144108072,0.6901360544217686,6,0.0021722847100870387
0.7757142857142857,0.7752857142857145,0.7685714285714286,0.0044001579284667965,0.007200789451599121,0.7039580144108072,0.6901360544217686,4,0.0014823221348831803
0.7757142857142857,0.7755714285714288,0.7714285714285714,0.004301047325134278,0.007400679588317871,0.7039580144108072,0.6901360544217686,2,0.0007693092581620813
0.7757142857142857,0.7755714285714288,0.7714285714285714,0.004398155212402344,0.007304143905639648,0.7039580144108072,0.6901360544217686,2,0.0007693092581620813
0.7757142857142857,0.7755714285714288,0.7714285714285714,0.004300665855407715,0.007301807403564453,0.7039580144108072,0.6901360544217686,2,0.0007693092581620813
0.7757142857142857,0.7755714285714288,0.7714285714285714,0.004300737380981445,0.007001852989196778,0.7039580144108072,0.6901360544217686,2,0.0007693092581620813
0.7757142857142857,0.7755714285714288,0.7714285714285714,0.004201912879943847,0.007199335098266602,0.7039580144108072,0.6901360544217686,2,0.0007693092581620813

0.73,0.6654285714285714,0.5971428571428572,28,0.0359977323548842
0.7371428571428572,0.7134761904761906,0.6728571428571428,0.003900957107543945,0.006701326370239258,0.6569467998597582,0.6503401360544219,26,0.01634526844238156
0.7457142857142858,0.7281428571428574,0.7085714285714287,0.004400134086608887,0.0069024085998535155,0.6706377789795018,0.6605442176870747,21,0.008869039629270914
0.7557142857142857,0.7411904761904763,0.7142857142857144,0.004700708389282227,0.007201981544494629,0.6767306980623868,0.6649659863945578,19,0.008548249081436279
0.7571428571428571,0.7512380952380951,0.7385714285714285,0.004600691795349121,0.007401752471923828,0.6778992722312066,0.6659863945578232,13,0.005541842486086135
0.7628571428571428,0.7605238095238095,0.7514285714285714,0.004303383827209473,0.006800508499145508,0.680300046719918,0.6673469387755102,7,0.003225817057988543
0.7628571428571428,0.7617142857142857,0.7514285714285714,0.004801177978515625,0.007201528549194336,0.680300046719918,0.6673469387755102,5,0.002794552524023072
0.7628571428571428,0.7620952380952382,0.7542857142857142,0.004200196266174317,0.007202434539794922,0.680300046719918,0.6673469387755102,3,0.0023250582125207008
0.7628571428571428,0.7622857142857142,0.7542857142857142,0.004201126098632812,0.007001423835754394,0.680300046719918,0.6673469387755102,2,0.002138089935299393
0.7642857142857142,0.7637619047619045,0.7542857142857142,0.004600811004638672,0.007301855087280274,0.6828726233449662,0.6697278911564626,3,0.001825120752070174
0.7642857142857142,0.7639523809523806,0.7542857142857142,0.0045010089874267575,0.007401895523071289,0.6828726233449662,0.6697278911564626,2,0.0017950549357115028
0.7642857142857142,0.7639523809523806,0.7542857142857142,0.004601955413818359,0.007301449775695801,0.6828726233449662,0.6697278911564626,2,0.0017950549357115028
0.7642857142857142,0.7640952380952377,0.7585714285714286,0.004700398445129395,0.007401847839355468,0.6828726233449662,0.6697278911564626,2,0.001025745677549422
0.7642857142857142,0.7642857142857139,0.7642857142857142,0.0045002222061157225,0.007102274894714355,0.6828726233449662,0.6697278911564626,1,3.3306690738754696e-16

0.7157142857142857,0.669904761904762,0.5542857142857143,26,0.03131784245818713
0.7314285714285715,0.7049523809523811,0.6814285714285715,0.006001067161560058,0.007901549339294434,0.6526240097514082,0.6448979591836734,26,0.013849204075135109
0.7414285714285714,0.7185238095238095,0.7014285714285714,0.006301522254943848,0.008001995086669923,0.6612762090538663,0.6506802721088435,24,0.010037232275185824
0.7457142857142858,0.7334761904761904,0.712857142857143,0.007100915908813477,0.008602666854858398,0.6695801697585739,0.6605442176870748,17,0.009401717409571131
0.7614285714285713,0.7490952380952379,0.72,0.006200551986694336,0.008202600479125976,0.6863426331134798,0.6758503401360544,12,0.010788525860813074
0.7614285714285713,0.7609999999999997,0.7528571428571429,0.006501626968383789,0.008401799201965331,0.6863426331134798,0.6758503401360544,3,0.0016963345838625359
0.7614285714285713,0.7614285714285711,0.7614285714285713,0.006602573394775391,0.008502030372619629,0.6863426331134798,0.6758503401360544,1,2.220446049250313e-16
0.7614285714285713,0.7614285714285711,0.7614285714285713,0.006802153587341308,0.008201527595520019,0.6863426331134798,0.6758503401360544,1,2.220446049250313e-16
0.7614285714285713,0.7614285714285711,0.7614285714285713,0.00640106201171875,0.008502697944641114,0.6863426331134798,0.6758503401360544,1,2.220446049250313e-16
0.7614285714285713,0.7614285714285711,0.7614285714285713,0.006800389289855957,0.008503460884094238,0.6863426331134798,0.6758503401360544,1,2.220446049250313e-16
0.7614285714285713,0.7614285714285711,0.7614285714285713,0.006200766563415528,0.008102130889892579,0.6863426331134798,0.6758503401360544,1,2.220446049250313e-16
0.7628571428571428,0.7622857142857142,0.7614285714285713,0.0062005043029785155,0.008602595329284668,0.692643257110701,0.6823129251700679,2,0.0006998542122237736
0.7628571428571428,0.7626190476190476,0.7614285714285713,0.0065996646881103516,0.008403682708740234,0.692643257110701,0.6823129251700679,2,0.0005323971374999564
0.7628571428571428,0.7628571428571429,0.7628571428571428,0.006501317024230957,0.008302021026611327,0.692643257110701,0.6823129251700679,1,1.1102230246251565e-16

0.7257142857142858,0.6817619047619048,0.6242857142857143,27,0.028247408726699928
0.7371428571428571,0.703952380952381,0.6642857142857144,0.005802536010742187,0.008001756668090821,0.6430227349333894,0.6353741496598639,24,0.01705007963088443
0.7371428571428571,0.7170000000000002,0.682857142857143,0.005601739883422852,0.007801699638366699,0.6430227349333894,0.6353741496598639,23,0.01121436154053829
0.74,0.7260000000000002,0.7114285714285715,0.005100464820861817,0.0073021650314331055,0.6550930278575127,0.6455782312925169,19,0.006735023698376036
0.75,0.735,0.7257142857142858,0.005401515960693359,0.007801556587219238,0.6766524353773807,0.667687074829932,18,0.0050271372413668415
0.75,0.7401428571428571,0.7285714285714285,0.005601024627685547,0.007501983642578125,0.6766524353773807,0.667687074829932,18,0.005181731384011951
0.75,0.7434285714285713,0.7328571428571429,0.005400228500366211,0.007802700996398926,0.6766524353773807,0.667687074829932,15,0.004929434016993341
0.75,0.7455238095238096,0.7371428571428572,0.005301165580749512,0.0078019857406616214,0.6766524353773807,0.667687074829932,12,0.004468077754567574
0.75,0.7474285714285713,0.7385714285714287,0.006001949310302734,0.00800151824951172,0.6766524353773807,0.667687074829932,7,0.003893130178279932
0.75,0.747904761904762,0.7385714285714287,0.0054012775421142575,0.007901716232299804,0.6766524353773807,0.667687074829932,7,0.003702055566776525
0.7528571428571429,0.7495714285714287,0.7385714285714287,0.005301117897033691,0.007901906967163086,0.6774747307496461,0.6683673469387756,8,0.0037643150807565116
0.7557142857142858,0.753761904761905,0.7471428571428571,0.005100870132446289,0.00760183334350586,0.6802026364058997,0.6704081632653061,5,0.002747499378428919
0.7557142857142858,0.7541904761904764,0.75,0.005200481414794922,0.007502460479736328,0.6802026364058997,0.6704081632653061,4,0.002444856695808303
0.7557142857142858,0.7545714285714289,0.75,0.005200910568237305,0.007802200317382812,0.6802026364058997,0.6704081632653061,5,0.002066908039448664

0.7285714285714285,0.6637142857142856,0.5571428571428572,27,0.04119077896943496
0.7371428571428571,0.6992380952380953,0.6414285714285715,0.0016017198562622071,0.005200648307800293,0.6445173417894775,0.6380952380952382,25,0.02331894600170396
0.7514285714285714,0.7222380952380952,0.6628571428571428,0.0020007848739624023,0.0050010204315185545,0.6817080523544808,0.6714285714285715,24,0.019387503280379133
0.7642857142857142,0.7407142857142858,0.6985714285714286,0.001800537109375,0.005102276802062988,0.7015130884331293,0.6928571428571427,22,0.012760216661628444
0.77,0.7573809523809525,0.7371428571428572,0.0017999887466430664,0.005101585388183593,0.7129163290535566,0.7051020408163267,15,0.010439872111535433
0.77,0.7681904761904763,0.7557142857142857,0.0018007755279541016,0.005601263046264649,0.7129163290535566,0.7051020408163267,7,0.0037422633722644888
0.77,0.7696666666666666,0.7642857142857142,0.0018006324768066405,0.00530092716217041,0.7129163290535566,0.7051020408163267,3,0.00126078117094037
0.77,0.7699999999999999,0.77,0.001800370216369629,0.005101251602172852,0.7129163290535566,0.7051020408163267,1,1.1102230246251565e-16
0.77,0.7699999999999999,0.77,0.0018003463745117187,0.005401492118835449,0.7129163290535566,0.7051020408163267,1,1.1102230246251565e-16
0.77,0.7699999999999999,0.77,0.0020005226135253905,0.0054015636444091795,0.7129163290535566,0.7051020408163267,1,1.1102230246251565e-16
0.77,0.7699999999999999,0.77,0.001900458335876465,0.00510110855102539,0.7129163290535566,0.7051020408163267,1,1.1102230246251565e-16
0.77,0.7699999999999999,0.77,0.0020004749298095704,0.005401229858398438,0.7129163290535566,0.7051020408163267,1,1.1102230246251565e-16
0.77,0.7699999999999999,0.77,0.0018010139465332031,0.00550072193145752,0.7129163290535566,0.7051020408163267,1,1.1102230246251565e-16
0.77,0.7699999999999999,0.77,0.0019005298614501952,0.005201029777526856,0.7129163290535566,0.7051020408163267,1,1.1102230246251565e-16

0.7342857142857143,0.6847142857142856,0.622857142857143,29,0.031569273789858486
0.7457142857142858,0.715904761904762,0.6600000000000001,0.005300450325012207,0.00790245532989502,0.6701091363703692,0.6605442176870748,25,0.01823405400956085
0.7457142857142858,0.7308095238095239,0.7014285714285715,0.00560307502746582,0.007801413536071777,0.6651370199590378,0.6564625850340137,21,0.010694797090513493
0.7685714285714285,0.7471428571428571,0.7314285714285714,0.005100798606872558,0.007902169227600097,0.7010449732715636,0.6891156462585035,22,0.008852533362759795
0.7699999999999999,0.766095238095238,0.7414285714285713,0.005901145935058594,0.008202338218688964,0.7035391590181767,0.6914965986394559,9,0.006949118608363681
0.7714285714285714,0.7706190476190478,0.76,0.005801630020141601,0.007400155067443848,0.7051200513901941,0.6925170068027211,4,0.002108722840522324
0.7714285714285714,0.7710476190476192,0.76,0.005801343917846679,0.008101701736450195,0.7051200513901941,0.6925170068027211,2,0.0020514913550988435
0.7714285714285714,0.7712380952380953,0.7657142857142857,0.006200599670410156,0.008202481269836425,0.7051200513901941,0.6925170068027211,2,0.0010257456775494217
0.7714285714285714,0.7714285714285716,0.7714285714285714,0.0057009696960449215,0.008002114295959473,0.7051200513901941,0.6925170068027211,1,2.220446049250313e-16
0.7714285714285714,0.7714285714285716,0.7714285714285714,0.006001496315002441,0.008302140235900878,0.7051200513901941,0.6925170068027211,1,2.220446049250313e-16
0.7714285714285714,0.7714285714285716,0.7714285714285714,0.005600976943969727,0.008002090454101562,0.7051200513901941,0.6925170068027211,1,2.220446049250313e-16
0.7714285714285714,0.7714285714285716,0.7714285714285714,0.005701112747192383,0.007801532745361328,0.7051200513901941,0.6925170068027211,1,2.220446049250313e-16
0.7714285714285714,0.7714285714285716,0.7714285714285714,0.005901169776916504,0.007601737976074219,0.7051200513901941,0.6925170068027211,1,2.220446049250313e-16
0.7714285714285714,0.7714285714285716,0.7714285714285714,0.005901074409484864,0.0077015399932861325,0.7051200513901941,0.6925170068027211,1,2.220446049250313e-16

0.7185714285714286,0.6760476190476192,0.6242857142857143,24,0.026291622869396555
0.7428571428571429,0.7068095238095239,0.6642857142857144,0.005101323127746582,0.007400608062744141,0.6543541012708831,0.6462585034013605,23,0.01753008428032459
0.7428571428571429,0.7263809523809523,0.6728571428571429,0.00530245304107666,0.007502698898315429,0.6543541012708831,0.6462585034013605,22,0.012754795461168146
0.7528571428571429,0.7366666666666667,0.7114285714285715,0.005102896690368652,0.007500934600830078,0.6670980502354694,0.6574829931972788,17,0.009186897897033641
0.76,0.7589523809523812,0.75,0.005400657653808594,0.0076023578643798825,0.6763184525172624,0.6653061224489797,5,0.002241638532559968
0.76,0.7599523809523813,0.7585714285714286,0.005199646949768067,0.007604336738586426,0.6763184525172624,0.6653061224489797,2,0.00025643641938736037
0.76,0.7600000000000003,0.76,0.0050018072128295895,0.007600736618041992,0.6763184525172624,0.6653061224489797,1,3.3306690738754696e-16
0.76,0.7600000000000003,0.76,0.005200529098510742,0.008002614974975586,0.6763184525172624,0.6653061224489797,1,3.3306690738754696e-16
0.76,0.7600000000000003,0.76,0.005202889442443848,0.007701420783996582,0.6763184525172624,0.6653061224489797,1,3.3306690738754696e-16
0.76,0.7600000000000003,0.76,0.005401039123535156,0.007801938056945801,0.6763184525172624,0.6653061224489797,1,3.3306690738754696e-16
0.7614285714285713,0.7600476190476193,0.76,0.005100822448730469,0.007902026176452637,0.6774977960265198,0.666326530612245,2,0.00025643641938734047
0.7614285714285713,0.761095238095238,0.76,0.005100822448730469,0.007301616668701172,0.6774977960265198,0.666326530612245,2,0.0006042179781166041
0.7614285714285713,0.7614285714285711,0.7614285714285713,0.0053997993469238285,0.007903099060058594,0.6774977960265198,0.666326530612245,1,2.220446049250313e-16
0.7614285714285713,0.7614285714285711,0.7614285714285713,0.005002522468566894,0.007400298118591308,0.6774977960265198,0.666326530612245,1,2.220446049250313e-16

0.7200000000000001,0.6490000000000002,0.4600000000000001,28,0.0597843630728572
0.7285714285714286,0.700904761904762,0.67,0.004801201820373535,0.007101678848266601,0.6511882317289972,0.6455782312925169,26,0.014948816681644276
0.7285714285714286,0.7114761904761904,0.6914285714285715,0.004601144790649414,0.007201743125915527,0.6511882317289972,0.6455782312925169,20,0.008917485180818262
0.7414285714285713,0.720952380952381,0.7071428571428572,0.004502677917480468,0.007400608062744141,0.6792460140381589,0.6724489795918368,19,0.007818809810199522
0.7414285714285713,0.728047619047619,0.7071428571428572,0.0044011354446411135,0.007001614570617676,0.6792460140381589,0.6724489795918368,20,0.007966625394820931
0.7585714285714286,0.7404285714285714,0.7171428571428573,0.0050008296966552734,0.007401752471923828,0.6950299177221355,0.6874149659863945,18,0.008792003169237991
0.7642857142857142,0.7582857142857141,0.7385714285714287,0.004900908470153809,0.007401943206787109,0.6970009764363058,0.6887755102040817,10,0.007836770124636426
0.7642857142857142,0.7639523809523806,0.76,0.004700875282287598,0.007201576232910156,0.6970009764363058,0.6887755102040817,3,0.0008793421577437743
0.7642857142857142,0.7642380952380949,0.7628571428571428,0.0047011137008666996,0.007001543045043945,0.6970009764363058,0.6887755102040817,2,0.0002564364193873604
0.7642857142857142,0.7642857142857139,0.7642857142857142,0.004600930213928223,0.007602024078369141,0.6970009764363058,0.6887755102040817,1,3.3306690738754696e-16
0.7642857142857142,0.7642857142857139,0.7642857142857142,0.00480184555053711,0.007401061058044433,0.6970009764363058,0.6887755102040817,1,3.3306690738754696e-16
0.7642857142857142,0.7642857142857139,0.7642857142857142,0.004798507690429688,0.007703995704650879,0.6970009764363058,0.6887755102040817,1,3.3306690738754696e-16
0.7642857142857142,0.7642857142857139,0.7642857142857142,0.004501128196716308,0.007501792907714844,0.6970009764363058,0.6887755102040817,1,3.3306690738754696e-16
0.7642857142857142,0.7642857142857139,0.7642857142857142,0.00460054874420166,0.007302212715148926,0.6970009764363058,0.6887755102040817,1,3.3306690738754696e-16

0.7314285714285715,0.6653333333333334,0.5685714285714286,29,0.03699960164031435
0.7314285714285715,0.7031904761904764,0.6742857142857144,0.005600881576538086,0.007702136039733886,0.6196789634605661,0.6136054421768706,23,0.012265117470940239
0.7371428571428572,0.7163333333333333,0.7014285714285714,0.005901145935058594,0.008102083206176757,0.6300812501083426,0.6231292517006802,22,0.010688434421630129
0.74,0.7246190476190476,0.7100000000000001,0.0059002161026000975,0.008002424240112304,0.6456078221301003,0.6360544217687075,19,0.007130306433896781
0.7471428571428571,0.7370000000000001,0.7214285714285714,0.006000876426696777,0.008002281188964844,0.6365018662601527,0.6316326530612246,13,0.00559822615248988
0.7471428571428571,0.7420476190476191,0.7314285714285715,0.006300115585327148,0.008303260803222657,0.6427320399614947,0.6343537414965986,11,0.00506667561760753
0.7471428571428571,0.7449047619047617,0.7314285714285715,0.005702400207519531,0.007800912857055664,0.6365018662601527,0.6316326530612246,7,0.003915490487746963
0.7471428571428571,0.7451428571428571,0.7314285714285715,0.005900931358337402,0.008101940155029297,0.6365018662601527,0.6316326530612246,7,0.003826154176495334
0.7471428571428571,0.7461904761904763,0.7314285714285715,0.006101417541503906,0.008401870727539062,0.6365018662601527,0.6316326530612246,4,0.003180153877535974
0.7471428571428571,0.7465238095238096,0.7357142857142858,0.005901789665222168,0.008001351356506347,0.6365018662601527,0.6316326530612246,3,0.00238142852381903
0.7471428571428571,0.746904761904762,0.74,0.005900764465332031,0.007601690292358398,0.6365018662601527,0.6316326530612246,2,0.0012821820969367824
0.7471428571428571,0.746904761904762,0.74,0.006000304222106933,0.007802510261535644,0.6365018662601527,0.6316326530612246,2,0.0012821820969367824
0.7471428571428571,0.746904761904762,0.74,0.006001400947570801,0.008101940155029297,0.6365018662601527,0.6316326530612246,2,0.0012821820969367824
0.7471428571428571,0.746904761904762,0.74,0.005900955200195313,0.007702136039733886,0.6365018662601527,0.6316326530612246,2,0.0012821820969367824

0.7342857142857143,0.6845714285714286,0.6185714285714285,27,0.02608828548325442
0.7442857142857143,0.7076190476190476,0.6671428571428573,0.004299688339233399,0.0071027278900146484,0.675037535402848,0.6690476190476191,23,0.01501171122566985
0.7442857142857143,0.7175714285714284,0.6728571428571429,0.004400825500488282,0.007301807403564453,0.675037535402848,0.6690476190476191,21,0.013052223726924345
0.7485714285714286,0.729904761904762,0.7100000000000001,0.0047008275985717775,0.007400918006896973,0.6727388993196742,0.6653061224489797,22,0.010555543620950387
0.7571428571428571,0.7414285714285714,0.7257142857142858,0.004901361465454101,0.00710146427154541,0.6897955296803829,0.6823129251700679,20,0.007919664666851362
0.7628571428571428,0.7587619047619049,0.7442857142857143,0.004400873184204101,0.007001519203186035,0.6911450212475987,0.6823129251700681,9,0.005134031227407039
0.7628571428571428,0.762095238095238,0.75,0.004899048805236816,0.007303547859191894,0.6911450212475987,0.6823129251700681,3,0.002874550147197422
0.7628571428571428,0.7627619047619049,0.76,0.004600930213928223,0.007501792907714844,0.6911450212475987,0.6823129251700681,2,0.0005128728387747008
0.7657142857142857,0.764095238095238,0.7628571428571428,0.004200959205627441,0.007201290130615235,0.6960621197053101,0.6870748299319729,2,0.0014158160711732078
0.7657142857142857,0.7654285714285713,0.7628571428571428,0.0048010826110839845,0.007301759719848633,0.6960621197053101,0.6870748299319729,2,0.0008571428571428674
0.7657142857142857,0.7657142857142856,0.7657142857142857,0.004501748085021973,0.007301235198974609,0.6960621197053101,0.6870748299319729,1,1.1102230246251565e-16
0.7657142857142857,0.7657142857142856,0.7657142857142857,0.00400075912475586,0.007201433181762695,0.6960621197053101,0.6870748299319729,1,1.1102230246251565e-16
0.7657142857142857,0.7657142857142856,0.7657142857142857,0.0042009115219116214,0.007099819183349609,0.6960621197053101,0.6870748299319729,1,1.1102230246251565e-16
0.7657142857142857,0.7657142857142856,0.7657142857142857,0.004401063919067383,0.007201647758483887,0.6960621197053101,0.6870748299319729,1,1.1102230246251565e-16

0.7285714285714285,0.6721904761904761,0.6,26,0.033851884930956
0.7414285714285715,0.7024761904761906,0.6542857142857144,0.003800821304321289,0.006701779365539551,0.6562810834939397,0.6465986394557823,25,0.019468912366971968
0.7485714285714286,0.7189047619047619,0.6785714285714286,0.004000473022460938,0.007002043724060059,0.6611005972780348,0.6489795918367347,22,0.012960869067471011
0.7485714285714286,0.734761904761905,0.7157142857142859,0.003901243209838867,0.0070000171661376955,0.6611005972780348,0.6489795918367347,23,0.007956799456840148
0.7557142857142857,0.7471904761904761,0.7300000000000001,0.004300451278686524,0.0072028875350952145,0.673109169810125,0.6608843537414966,14,0.005837753427420931
0.7557142857142857,0.7550476190476193,0.75,0.0039008617401123046,0.0069018125534057615,0.6748895242034557,0.6622448979591837,3,0.001463075380546394
0.7585714285714286,0.7562380952380955,0.7542857142857142,0.004600834846496582,0.0072019100189208984,0.6745924588767858,0.66156462585034,4,0.0011942796384747244
0.7585714285714286,0.7567619047619051,0.7542857142857142,0.004700970649719238,0.00710139274597168,0.6745924588767858,0.66156462585034,4,0.0013265131692556463
0.7585714285714286,0.7571428571428573,0.7557142857142857,0.004701161384582519,0.007301521301269531,0.6745924588767858,0.66156462585034,3,0.0013299276232161057
0.7585714285714286,0.7572857142857145,0.7557142857142857,0.004401159286499023,0.007201457023620605,0.6745924588767858,0.66156462585034,3,0.0013477115902938166
0.7585714285714286,0.7573333333333335,0.7557142857142857,0.004400992393493652,0.0069016218185424805,0.6745924588767858,0.66156462585034,4,0.0013162166629605155
0.7585714285714286,0.7573333333333335,0.7557142857142857,0.004400491714477539,0.007002568244934082,0.6745924588767858,0.66156462585034,4,0.0013162166629605155
0.7585714285714286,0.7574285714285716,0.7557142857142857,0.0041011333465576175,0.00710148811340332,0.6745924588767858,0.66156462585034,4,0.0013502330360721892
0.7585714285714286,0.7575238095238095,0.7557142857142857,0.004201483726501465,0.007000875473022461,0.6745924588767858,0.66156462585034,4,0.0012741988724056953

0.7514285714285714,0.6592380952380952,0.5528571428571428,28,0.04811230248900641
0.7514285714285714,0.7126190476190478,0.68,0.005803322792053223,0.007900071144104005,0.6633604987135155,0.6537414965986394,24,0.015705986264324415
0.7514285714285714,0.7263809523809525,0.7085714285714286,0.00600121021270752,0.007903337478637695,0.6633604987135155,0.6537414965986394,21,0.009881841612310583
0.7557142857142857,0.7416190476190476,0.7171428571428572,0.005901074409484864,0.007902145385742188,0.6672197976105808,0.6568027210884354,22,0.010339366244169186
0.7585714285714287,0.7542857142857143,0.7371428571428572,0.006101393699645996,0.008501982688903809,0.6705453560654613,0.6629251700680272,12,0.004962443988614481
0.76,0.7585238095238097,0.7442857142857143,0.006000661849975586,0.0078024625778198246,0.6729524989379637,0.6653061224489796,5,0.002915670383779344
0.76,0.7597142857142861,0.7571428571428572,0.006101226806640625,0.007901978492736817,0.6729524989379637,0.6653061224489796,3,0.0007737179432986475
0.76,0.7598571428571432,0.7585714285714286,0.006000781059265136,0.008000659942626952,0.6729524989379637,0.6653061224489796,2,0.00042857142857143365
0.76,0.7598571428571432,0.7585714285714286,0.006000161170959473,0.007602858543395996,0.6729524989379637,0.6653061224489796,2,0.00042857142857143365
0.76,0.7600000000000003,0.76,0.00620112419128418,0.008002400398254395,0.6729524989379637,0.6653061224489796,1,3.3306690738754696e-16
0.76,0.7600000000000003,0.76,0.006001615524291992,0.008402562141418457,0.6729524989379637,0.6653061224489796,1,3.3306690738754696e-16
0.76,0.7600000000000003,0.76,0.006101489067077637,0.008101701736450195,0.6729524989379637,0.6653061224489796,1,3.3306690738754696e-16
0.76,0.7600000000000003,0.76,0.006001901626586914,0.008000540733337402,0.6729524989379637,0.6653061224489796,1,3.3306690738754696e-16
0.76,0.7600000000000003,0.76,0.005901026725769043,0.00780191421508789,0.6729524989379637,0.6653061224489796,1,3.3306690738754696e-16

0.7342857142857143,0.6722380952380953,0.5857142857142857,26,0.032573691093794134
0.7357142857142858,0.7103809523809523,0.6785714285714286,0.0052014350891113285,0.007502007484436035,0.6573880804335416,0.6493197278911566,26,0.01463354330191977
0.74,0.7199523809523808,0.6985714285714285,0.005000972747802734,0.007401728630065918,0.6581919416630269,0.6510204081632653,26,0.011449286781300127
0.7457142857142858,0.7324761904761906,0.7142857142857144,0.005600953102111816,0.007701802253723145,0.6762228564258648,0.6673469387755102,20,0.008255555402959731
0.7642857142857143,0.7526666666666667,0.7342857142857143,0.005701422691345215,0.008101868629455566,0.6873735826933552,0.6738095238095237,18,0.009409311738500877
0.7642857142857143,0.7641428571428576,0.7628571428571429,0.005401015281677246,0.007402610778808594,0.68989070931446,0.6765306122448977,2,0.00042857142857143365
0.7642857142857143,0.7642857142857147,0.7642857142857143,0.005200982093811035,0.007500910758972168,0.68989070931446,0.6765306122448977,1,3.3306690738754696e-16
0.7642857142857143,0.7642857142857147,0.7642857142857143,0.0051009893417358395,0.007101631164550782,0.68989070931446,0.6765306122448977,1,3.3306690738754696e-16
0.7642857142857143,0.7642857142857147,0.7642857142857143,0.005302143096923828,0.007400202751159668,0.68989070931446,0.6765306122448977,1,3.3306690738754696e-16
0.7642857142857143,0.7642857142857147,0.7642857142857143,0.005400919914245605,0.007902121543884278,0.68989070931446,0.6765306122448977,1,3.3306690738754696e-16
0.7642857142857143,0.7642857142857147,0.7642857142857143,0.005401515960693359,0.007801222801208496,0.68989070931446,0.6765306122448977,1,3.3306690738754696e-16
0.7642857142857143,0.7642857142857147,0.7642857142857143,0.005403757095336914,0.007898998260498048,0.68989070931446,0.6765306122448977,1,3.3306690738754696e-16
0.7642857142857143,0.7642857142857147,0.7642857142857143,0.005001211166381836,0.007301497459411621,0.68989070931446,0.6765306122448977,1,3.3306690738754696e-16
0.7642857142857143,0.7642857142857147,0.7642857142857143,0.005701518058776856,0.007601499557495117,0.68989070931446,0.6765306122448977,1,3.3306690738754696e-16

0.7214285714285713,0.6767619047619048,0.6257142857142857,28,0.025155119664821198
0.7357142857142858,0.7105238095238098,0.6814285714285716,0.004901671409606933,0.007300758361816406,0.6341627918357705,0.6261904761904761,25,0.013301748303757183
0.7385714285714285,0.7205714285714289,0.6985714285714286,0.005801343917846679,0.008202242851257324,0.6463333299266549,0.6377551020408163,22,0.009700270001151408
0.7528571428571428,0.7318571428571428,0.7157142857142856,0.0058010339736938475,0.008402109146118164,0.6725295627303023,0.6615646258503401,18,0.008627987996673844
0.76,0.7495714285714286,0.7328571428571429,0.006100320816040039,0.007902574539184571,0.6815076212413169,0.6693877551020408,17,0.0075245629520290045
0.7628571428571428,0.759857142857143,0.7371428571428571,0.00560145378112793,0.007701587677001953,0.6862040931764344,0.6741496598639456,6,0.006381840734181824
0.7628571428571428,0.7620952380952382,0.7557142857142857,0.005800938606262207,0.007702064514160156,0.6862040931764344,0.6741496598639456,3,0.001907141370904823
0.7628571428571428,0.7627619047619049,0.76,0.0059021711349487305,0.008001136779785156,0.6862040931764344,0.6741496598639456,2,0.0005128728387747008
0.7628571428571428,0.7628571428571429,0.7628571428571428,0.005701327323913574,0.00800180435180664,0.6862040931764344,0.6741496598639456,1,1.1102230246251565e-16
0.7628571428571428,0.7628571428571429,0.7628571428571428,0.005900239944458008,0.007902216911315919,0.6862040931764344,0.6741496598639456,1,1.1102230246251565e-16
0.7628571428571428,0.7628571428571429,0.7628571428571428,0.00580129623413086,0.007601642608642578,0.6862040931764344,0.6741496598639456,1,1.1102230246251565e-16
0.7628571428571428,0.7628571428571429,0.7628571428571428,0.006302380561828613,0.008000946044921875,0.6862040931764344,0.6741496598639456,1,1.1102230246251565e-16
0.7628571428571428,0.7628571428571429,0.7628571428571428,0.006402778625488281,0.008300232887268066,0.6862040931764344,0.6741496598639456,1,1.1102230246251565e-16
0.7628571428571428,0.7628571428571429,0.7628571428571428,0.0059013843536376955,0.00780174732208252,0.6862040931764344,0.6741496598639456,1,1.1102230246251565e-16

0.7328571428571429,0.6697142857142856,0.6157142857142858,27,0.031459724819430435
0.7385714285714287,0.704952380952381,0.63,0.0030007123947143554,0.006201243400573731,0.6621537169640982,0.6581632653061223,25,0.02362903014851935
0.7385714285714287,0.716952380952381,0.692857142857143,0.0029993295669555665,0.006103086471557617,0.6621537169640982,0.6581632653061223,20,0.010113191582825346
0.7385714285714287,0.7258571428571429,0.7100000000000001,0.003099536895751953,0.006200838088989258,0.6563271524854388,0.6472789115646258,19,0.007508272082168018
0.7671428571428571,0.737,0.7171428571428573,0.0030005931854248046,0.006201553344726563,0.7027532588207379,0.6948979591836735,18,0.009858523022769477
0.7714285714285714,0.7554285714285717,0.7314285714285715,0.002999734878540039,0.0062019586563110355,0.7059241957727874,0.6979591836734694,17,0.011759494644146648
0.7714285714285715,0.7636190476190478,0.7314285714285715,0.0030007362365722656,0.006401562690734863,0.7037718779610918,0.6952380952380952,14,0.01050256420476843
0.7742857142857142,0.7702857142857141,0.7528571428571429,0.003000473976135254,0.006201434135437012,0.7084756941775137,0.7,10,0.005234630889013813
0.7742857142857142,0.7723809523809522,0.7642857142857142,0.0027010202407836913,0.006101441383361816,0.7084756941775137,0.7,8,0.0032226522506073486
0.7742857142857142,0.7732857142857142,0.7642857142857142,0.0029003381729125976,0.006101679801940918,0.7084756941775137,0.7,5,0.0025327783137089896
0.7742857142857142,0.7738571428571428,0.7642857142857142,0.002400636672973633,0.00600128173828125,0.7084756941775137,0.7,3,0.0018498023428147631
0.7742857142857142,0.7738571428571428,0.7642857142857142,0.0028008222579956055,0.005801081657409668,0.7084756941775137,0.7,3,0.0018498023428147631
0.7742857142857142,0.7738571428571428,0.7642857142857142,0.0023994684219360352,0.005900192260742188,0.7084756941775137,0.7,3,0.0018498023428147631
0.7742857142857142,0.773952380952381,0.7642857142857142,0.0025003671646118162,0.005901551246643067,0.7084756941775137,0.7,2,0.0017950549357115032

0.7285714285714285,0.6841428571428572,0.6414285714285715,27,0.021956512368182454
0.7414285714285713,0.7100476190476191,0.6785714285714286,0.002700543403625488,0.006001138687133789,0.6393495907770188,0.6329931972789116,25,0.015357345882748024
0.7428571428571429,0.7222380952380953,0.6971428571428573,0.0033001422882080076,0.006701898574829101,0.6471313555477238,0.6380952380952379,23,0.012242911781471294
0.7542857142857142,0.7383333333333335,0.7214285714285714,0.0035017967224121095,0.006700754165649414,0.6711550905552375,0.6585034013605442,17,0.007737912085744571
0.7585714285714286,0.756142857142857,0.7371428571428572,0.0035007476806640627,0.006601500511169434,0.6831862702321143,0.6697278911564626,6,0.0050863295507978575
0.7585714285714286,0.7580952380952382,0.7471428571428571,0.0036017656326293944,0.006501197814941406,0.6831862702321143,0.6697278911564626,3,0.002064712703683701
0.7585714285714286,0.7585714285714287,0.7585714285714286,0.0033010244369506836,0.006901407241821289,0.6831862702321143,0.6697278911564626,1,1.1102230246251565e-16
0.7657142857142857,0.7605238095238095,0.7585714285714286,0.003598928451538086,0.006703042984008789,0.6938196264511978,0.6802721088435374,4,0.0030300834799872308
0.7657142857142857,0.7610952380952382,0.7585714285714286,0.003499603271484375,0.006600880622863769,0.6938196264511978,0.6802721088435374,3,0.0033336734520356317
0.7657142857142857,0.7620476190476191,0.7585714285714286,0.0034999608993530273,0.006701278686523438,0.6938196264511978,0.6802721088435374,3,0.003512530210649516
0.7685714285714286,0.7654285714285715,0.7585714285714286,0.003300380706787109,0.007101750373840332,0.6958252820555444,0.6836734693877551,6,0.003202889851580998
0.7714285714285714,0.768238095238095,0.7628571428571428,0.003399944305419922,0.006602287292480469,0.6988614622593587,0.6857142857142857,5,0.0013644332173232841
0.7714285714285714,0.7710000000000001,0.7657142857142857,0.0035009145736694335,0.006501579284667968,0.6988614622593587,0.6857142857142857,4,0.0012316683006073712
0.7714285714285714,0.7713809523809524,0.7699999999999999,0.003400754928588867,0.0068015575408935545,0.6988614622593587,0.6857142857142857,2,0.00025643641938736037

0.7185714285714286,0.6764761904761906,0.6342857142857142,24,0.02120112092189165
0.7357142857142857,0.7107619047619048,0.6771428571428572,0.004100608825683594,0.007001638412475586,0.660936950544839,0.6547619047619049,25,0.015945200942809594
0.7385714285714287,0.7214761904761905,0.6900000000000001,0.004799747467041015,0.007302522659301758,0.6614305090526915,0.6540816326530612,19,0.011514459016380625
0.7514285714285714,0.7340952380952382,0.7014285714285715,0.005000758171081543,0.00740201473236084,0.6710949117954239,0.6619047619047619,20,0.010306416555826866
0.7657142857142857,0.7568095238095237,0.7342857142857143,0.004301023483276367,0.007002472877502441,0.6854133869704796,0.672108843537415,12,0.008086970568174538
0.7657142857142857,0.765095238095238,0.7514285714285714,0.0041008472442626955,0.007001686096191406,0.6854133869704796,0.672108843537415,4,0.002599930227565458
0.7657142857142857,0.7651904761904762,0.7514285714285714,0.004201054573059082,0.007001495361328125,0.6854133869704796,0.672108843537415,3,0.0025683402971736673
0.7657142857142857,0.7652857142857141,0.7528571428571429,0.004401350021362304,0.007101202011108398,0.6854133869704796,0.672108843537415,2,0.0023079277744862048
0.7657142857142857,0.7657142857142856,0.7657142857142857,0.004300832748413086,0.006901741027832031,0.6854133869704796,0.672108843537415,1,1.1102230246251565e-16
0.7657142857142857,0.7657142857142856,0.7657142857142857,0.004598736763000488,0.007503867149353027,0.6854133869704796,0.672108843537415,1,1.1102230246251565e-16
0.7657142857142857,0.7657142857142856,0.7657142857142857,0.004299592971801758,0.006901454925537109,0.6854133869704796,0.672108843537415,1,1.1102230246251565e-16
0.7657142857142857,0.7657142857142856,0.7657142857142857,0.004301095008850097,0.007001471519470215,0.6854133869704796,0.672108843537415,1,1.1102230246251565e-16
0.7657142857142857,0.7657142857142856,0.7657142857142857,0.0042022705078125,0.007301449775695801,0.6854133869704796,0.672108843537415,1,1.1102230246251565e-16
0.7657142857142857,0.7657142857142856,0.7657142857142857,0.004500389099121094,0.007302236557006836,0.6854133869704796,0.672108843537415,1,1.1102230246251565e-16

0.7257142857142858,0.6528571428571428,0.49000000000000005,26,0.053701112873100906
0.7342857142857142,0.7084761904761905,0.6857142857142857,0.005600190162658692,0.007502603530883789,0.6440457215865927,0.6374149659863946,25,0.012349410370861274
0.7371428571428571,0.7173809523809525,0.6885714285714286,0.0048010826110839845,0.007501721382141113,0.6440349310910406,0.6367346938775509,21,0.009654460978223752
0.7371428571428571,0.7240476190476192,0.7157142857142856,0.005100083351135254,0.007402849197387695,0.6440349310910406,0.6367346938775509,15,0.006139903313441718
0.7414285714285713,0.731761904761905,0.7157142857142856,0.005100369453430176,0.007802557945251465,0.6488390747625753,0.6411564625850339,15,0.0077607361083411415
0.7442857142857143,0.7412857142857141,0.7228571428571429,0.005000495910644531,0.007201766967773438,0.6469449303908665,0.6391156462585034,10,0.004714285714285717
0.7442857142857143,0.7433809523809521,0.7357142857142858,0.004900789260864258,0.00740201473236084,0.6469449303908665,0.6391156462585034,4,0.0023177320997405694
0.7442857142857143,0.7439523809523807,0.74,0.004899430274963379,0.0075034618377685545,0.6469449303908665,0.6391156462585034,3,0.0010869249724298577
0.7442857142857143,0.744190476190476,0.7414285714285713,0.004901504516601563,0.007601404190063476,0.6469449303908665,0.6391156462585034,2,0.0005128728387747407
0.7442857142857143,0.7442857142857141,0.7442857142857143,0.005001664161682129,0.0072012186050415036,0.6469449303908665,0.6391156462585034,1,2.220446049250313e-16
0.7442857142857143,0.7442857142857141,0.7442857142857143,0.0050013065338134766,0.007802319526672363,0.6469449303908665,0.6391156462585034,1,2.220446049250313e-16
0.7442857142857143,0.7442857142857141,0.7442857142857143,0.0049008607864379885,0.007201838493347168,0.6469449303908665,0.6391156462585034,1,2.220446049250313e-16
0.7442857142857143,0.7442857142857141,0.7442857142857143,0.004701375961303711,0.0072998046875,0.6469449303908665,0.6391156462585034,1,2.220446049250313e-16
0.7442857142857143,0.7442857142857141,0.7442857142857143,0.004800653457641602,0.007401704788208008,0.6469449303908665,0.6391156462585034,1,2.220446049250313e-16

0.7185714285714286,0.6691428571428572,0.6200000000000001,29,0.028225525187476026
0.72,0.7020476190476193,0.6671428571428571,0.004000520706176758,0.007001924514770508,0.6025077541269372,0.5986394557823129,23,0.013333418367075781
0.7428571428571429,0.7135714285714286,0.6957142857142857,0.0047017097473144535,0.007300758361816406,0.6411482450541903,0.6340136054421769,21,0.009799000365509989
0.7428571428571429,0.7232857142857143,0.7000000000000001,0.0047011137008666996,0.007201576232910156,0.646296254097994,0.6367346938775509,19,0.010007820071575716
0.7442857142857143,0.732952380952381,0.7185714285714286,0.0048010826110839845,0.0072018146514892575,0.6495309428676878,0.6391156462585033,19,0.006770618128448081
0.75,0.7437142857142857,0.7257142857142858,0.004703164100646973,0.007098603248596192,0.6569094588915417,0.6459183673469389,12,0.007052765173932795
0.75,0.7478571428571428,0.7314285714285714,0.005000925064086914,0.007001852989196778,0.6569094588915417,0.6459183673469389,7,0.0044683315000744695
0.75,0.7486190476190476,0.7314285714285714,0.005000090599060059,0.007302618026733399,0.6569094588915417,0.6459183673469389,6,0.003824079335793112
0.75,0.7497619047619047,0.7428571428571429,0.004800534248352051,0.007201457023620605,0.6569094588915417,0.6459183673469389,2,0.0012821820969367817
0.75,0.7498571428571429,0.7457142857142858,0.00490102767944336,0.0069017171859741214,0.6569094588915417,0.6459183673469389,2,0.0007693092581620615
0.7514285714285714,0.7503809523809525,0.7457142857142858,0.005100893974304199,0.00720221996307373,0.6613460989325294,0.6496598639455783,3,0.0011024606574085904
0.7542857142857142,0.7513333333333334,0.7457142857142858,0.005100512504577636,0.00790255069732666,0.6674752892431701,0.65578231292517,4,0.0019494751895674707
0.7557142857142857,0.7525714285714288,0.7485714285714286,0.005001282691955567,0.007401609420776367,0.6721345665714861,0.6608843537414966,5,0.0023152849106939217
0.7557142857142857,0.7538095238095239,0.7485714285714286,0.0049010515213012695,0.007001662254333496,0.6721345665714861,0.6608843537414966,6,0.0024281045302822594

